해당 내역 삭제
2022-11-22 230,000 230,000 23,000 207,000
2022-11-23 230,000 230,000 23,000 207,000
해당 내역 삭제
2022-11-25 230,000 230,000 23,000 207,000
해당 내역 삭제
해당 내역 삭제
2022-11-25 1,200,000 1,200,000 120,000 1,080,000
2022-11-26 230,000 230,000 23,000 207,000
해당 내역 삭제
2022-11-25 100,000 100,000 10,000 90,000
2022-11-25 1,200,000 1,200,000 120,000 1,080,000
해당 내역 삭제
해당 내역 삭제




해당 내역 삭제
해당 내역 삭제
해당 내역 삭제
2022-11-28 550,000 550,000 55,000 495,000
2022-11-28 115,000 115,000 11,500 103,500
2022-11-28 117000 117000 11,700 105,300
2022-11-28 271,000 271,000 27,100 243,900
2022-11-28 1,100,000 1,100,000 0 0
해당 내역 삭제
2022-11-28 40,323,210 40,323,210 4,032,321 36,290,889
2022-11-28 2,200,000 2,200,000 220,000 1,980,000
2022-11-28 11,100,000 11,100,000 1,110,000 9,990,000
2022-11-28 1,100,000 1,100,000 110,000 990,000





2022-12-01 0 0 0 0




